40 121 0
67 85 0
60 51 0
65 59 0
94 94 0
63 63 1
62 62 1
61 61 1
60 60 1
59 59 1
58 58 1
57 57 1
56 56 1
55 55 1
54 54 1
53 53 1
52 52 1
51 51 1
50 50 1
49 49 1
48 48 1
47 47 1
46 46 1
45 45 1
44 44 1
43 43 1
42 42 1
41 41 1
40 40 1
39 39 1
38 38 1
37 37 1
36 36 1
35 35 1
34 34 1
33 33 1
126 126 1
125 125 1
124 124 1
123 123 1
122 122 1
40 40 0
91 59049 0
56 56 0
73 73 0
53 53 0
116 116 1
70 70 0
114 114 1
113 113 1
112 112 1
111 111 1
110 110 1
109 109 1
108 59049 0
107 107 1
61 61 0
41 41 0
59 59 0
103 103 1
102 102 1
56 59049 0
72 59049 0
71 71 0
98 98 1
97 97 1
96 96 1
95 95 1
94 94 1
93 93 1
92 92 1
121 59049 0
121 59049 0
89 56 0
43 36 0
87 48 0
58 37 0
79 67 0
78 49 0
55 110 0
82 118 0
53 45 0
80 66 0
79 67 0
78 49 0
49 87 0
47 52 0
47 52 0
74 70 0
45 119 0
72 55 0
65 59 0
64 81 0
41 102 0
39 116 0
39 116 0
38 113 0
65 59 0
64 81 0
63 43 0
34 122 0
55 110 0
60 51 0
125 105 0
52 72 0
123 71 0
50 80 0
121 35 0
120 58 0
47 52 0
118 107 0
117 111 0
115 82 0
115 82 0
114 125 0
112 68 0
112 68 0
111 120 0
109 88 0
109 88 0
108 39 0
106 77 0
106 77 0
105 42 0
103 117 0
103 117 0
102 96 0
100 97 0
