1 2187 3 2297 2675 51
2297 57
2298 56
2299 55
2300 54
2301 53
2302 52
2303 51
2304 50
2305 49
2306 48
2307 47
2308 46
2309 45
2310 44
2311 43
2312 42
2313 41
2314 40
2315 39
2316 38
2317 37
2318 36
2319 35
2320 34
2321 33
2322 126
2323 125
2324 124
2325 123
2326 122
2327 121
2328 120
2329 119
2330 118
2331 117
2332 116
2333 115
2334 114
2335 113
2336 112
2337 111
2338 110
2339 109
2340 108
2341 107
2342 106
2343 105
2344 104
2345 103
2346 102
2347 101
2348 100
2349 99
2350 98
2351 97
2352 96
2353 95
2354 94
2355 93
2356 92
2357 91
2358 90
2359 89
2360 88
2361 87
2362 86
2363 85
2364 84
2365 83
2366 82
2367 81
2368 80
2369 79
2370 78
2371 77
2372 76
2373 75
2374 74
2375 73
2376 72
2377 71
2378 70
2379 69
2380 68
2381 67
2382 66
2383 65
2384 64
2385 63
2386 62
2387 61
2388 60
2389 59
2390 58
2391 57
2392 56
2393 55
2394 54
2395 53
2396 52
2397 51
2398 50
2399 49
2400 48
2401 47
2402 46
2403 45
2404 44
2405 43
2406 42
2407 41
2408 40
2409 39
2410 38
2411 37
2412 36
2413 35
2414 34
2415 33
2416 126
2417 125
2418 124
2419 123
2420 122
2421 121
2422 120
2423 119
2424 118
2425 117
2426 116
2427 115
2428 114
2429 113
2430 112
2431 111
2432 110
2433 109
2434 108
2435 107
2436 106
2437 105
2438 104
2439 103
2440 102
2441 101
2442 100
2443 99
2444 98
2445 97
2446 96
2447 95
2448 94
2449 93
2450 33
2451 91
2452 90
2453 89
2454 88
2455 57
2456 105
2457 104
2458 48
2459 53
2460 82
2461 81
2462 80
2463 79
2464 78
2465 77
2466 76
2467 75
2468 74
2469 73
2470 72
2471 71
2472 70
2473 69
2474 68
2475 67
2476 66
2477 65
2478 64
2479 63
2480 62
2481 61
2482 60
2483 59
2484 58
2485 121
2486 75
2487 119
2488 73
2489 117
2490 87
2491 86
2492 51
2493 126
2494 48
2495 66
2496 123
2497 45
2498 121
2499 78
2500 77
2501 118
2502 41
2503 74
2504 74
2505 72
2506 55
2507 93
2508 92
2509 97
2510 68
2511 50
2512 125
2513 106
2514 86
2515 121
2516 120
2517 119
2518 101
2519 117
2520 86
2521 115
2522 114
2523 113
2524 112
2525 111
2526 110
2527 34
2528 72
2529 90
2530 70
2531 105
2532 74
2533 86
2534 43
2535 101
2536 83
2537 63
2538 98
2539 97
2540 79
2541 78
2542 94
2543 93
2544 92
2545 91
2546 90
2547 89
2548 88
2549 87
2550 86
2551 85
2552 84
2553 83
2554 82
2555 81
2556 80
2557 79
2558 78
2559 77
2560 76
2561 75
2562 74
2563 73
2564 72
2565 71
2566 70
2567 69
2568 68
2569 67
2570 124
2571 66
2572 122
2573 63
2574 62
2575 61
2576 60
2577 59
2578 58
2579 57
2580 56
2581 55
2582 54
2583 53
2584 52
2585 51
2586 50
2587 49
2588 48
2589 47
2590 46
2591 45
2592 44
2593 43
2594 77
2595 77
2596 59
2597 39
2598 38
2599 38
2600 37
2601 54
2602 34
2603 33
2604 33
2605 125
2606 66
2607 123
2608 122
2609 46
2610 120
2611 44
2612 60
2613 58
2614 41
2615 85
2616 39
2617 96
2618 113
2619 53
2620 110
2621 109
2622 109
2623 77
2624 70
2625 105
2626 104
2627 122
2628 72
2629 65
2630 100
2631 99
2632 98
2633 97
2634 96
2635 95
2636 94
2637 93
2638 93
2639 74
2640 109
2641 89
2642 52
2643 57
2644 86
2645 68
2646 120
2647 66
2648 46
2649 81
2650 80
2651 114
2652 78
2653 113
2654 59
2655 110
2656 57
2657 37
2658 42
2659 72
2660 40
2661 105
2662 104
2663 50
2664 101
2665 101
2666 65
2667 98
2668 62
2669 119
2670 60
2671 42
2672 58
2673 57
2674 56
2675 55
