1459 49
1460 48
1461 47
1462 46
1463 45
1464 44
1465 43
1466 42
1467 41
1468 40
1469 39
1470 38
1471 37
1472 36
1473 35
1474 34
1475 33
1476 126
1477 125
1478 124
1479 123
1480 122
1481 121
1482 120
1483 119
1484 118
1485 117
1486 116
1487 115
1488 114
1489 113
1490 112
1491 111
1492 51
1493 109
1494 108
1495 107
1496 106
1497 105
1498 104
1499 103
1500 102
1501 101
1502 100
1503 99
1504 98
1505 97
1506 96
1507 95
1508 94
1509 93
1510 92
1511 91
1512 90
1513 89
1514 88
1515 87
1516 86
1517 85
1518 84
1519 83
1520 82
1521 81
1522 80
1523 79
1524 78
1525 77
1526 76
1527 75
1528 74
1529 73
1530 72
1531 71
1532 70
1533 69
1534 68
1535 67
1536 66
1537 65
1538 64
1539 63
1540 62
1541 61
1542 60
1543 59
1544 58
1545 57
1546 57
1547 55
1548 54
1549 53
1550 52
1551 51
1552 50
1553 49
1554 48
1555 47
1556 46
1557 45
1558 44
1559 43
1560 42
1561 41
1562 40
1563 39
1564 38
1565 37
1566 36
1567 35
1568 34
1569 33
1570 126
1571 125
1572 124
1573 123
1574 122
1575 121
1576 120
1577 119
1578 43
1579 117
1580 116
1581 115
1582 114
1583 113
1584 112
1585 111
1586 110
1587 109
1588 108
1589 107
1590 106
1591 105
1592 104
1593 103
1594 102
1595 101
1596 100
1597 99
1598 98
1599 97
1600 96
1601 95
1602 94
1603 93
1604 92
1605 91
1606 90
1607 89
1608 88
1609 87
1610 86
1611 85
1612 84
1613 83
1614 82
1615 81
1616 80
1617 79
1618 78
1619 77
1620 76
1621 75
1622 74
1623 73
1624 72
1625 71
1626 70
1627 69
1628 68
1629 67
1630 66
1631 65
1632 64
1633 63
1634 62
1635 61
1636 60
1637 59
1638 58
1639 57
1640 56
1641 55
1642 54
1643 53
1644 52
1645 51
1646 50
1647 49
1648 48
1649 47
1650 46
1651 81
1652 102
1653 101
1654 42
1655 99
1656 104
1657 97
1658 96
1659 95
1660 94
1661 93
1662 92
1663 33
1664 126
1665 125
1666 124
1667 123
1668 122
1669 121
1670 120
1671 119
1672 118
1673 117
1674 116
1675 115
1676 114
1677 113
1678 112
1679 111
1680 110
1681 109
1682 108
1683 107
1684 89
1685 105
1686 104
1687 103
1688 102
1689 101
1690 100
1691 99
1692 98
1693 97
1694 96
1695 95
1696 94
1697 93
1698 92
1699 91
1700 90
1701 89
1702 88
1703 87
1704 86
1705 85
1706 84
1707 83
1708 82
1709 81
1710 80
1711 79
1712 78
1713 77
1714 76
1715 75
1716 74
1717 43
1718 72
1719 71
1720 70
1721 69
1722 69
1723 86
1724 66
1725 65
1726 64
1727 63
1728 62
1729 61
1730 60
1731 59
1732 58
1733 57
1734 56
1735 55
1736 54
1737 53
1738 52
1739 51
1740 50
1741 49
1742 48
1743 47
1744 46
1745 45
1746 44
1747 62
1748 77
1749 42
1750 41
1751 39
1752 38
1753 56
1754 36
1755 35
1756 34
1757 33
1758 33
1759 125
1760 49
1761 123
1762 122
1763 121
1764 120
1765 119
1766 118
1767 117
1768 116
1769 115
1770 114
1771 113
1772 112
1773 111
1774 110
1775 109
1776 108
1777 107
1778 106
1779 105
1780 104
1781 103
1782 102
1783 101
1784 100
1785 99
1786 98
1787 97
1788 96
1789 95
1790 94
1791 93
1792 92
1793 91
1794 90
1795 89
1796 88
1797 87
1798 86
1799 85
1800 84
1801 83
1802 82
1803 81
1804 80
1805 79
1806 78
1807 77
1808 76
1809 75
1810 93
1811 73
1812 72
1813 71
1814 70
1815 69
1816 68
1817 67
1818 66
1819 65
1820 64
1821 63
1822 62
1823 61
1824 79
1825 59
1826 58
1827 57
1828 56
1829 55
1830 54
1831 54
1832 52
1833 52
1834 51
1835 49
1836 48
1837 47
1838 46
1839 45
1840 45
1841 44
1842 42
1843 41
1844 40
1845 39
1846 38
1847 37
1848 36
1849 35
1850 34
1851 33
1852 126
1853 125
1854 124
1855 123
1856 122
1857 121
1858 120
1859 119
1860 118
1861 117
1862 116
1863 115
1864 114
1865 113
1866 112
1867 111
1868 110
1869 109
1870 108
1871 107
1872 106
1873 105
1874 104
1875 103
1876 102
1877 101
1878 100
1879 99
1880 98
1881 97
1882 96
1883 95
1884 94
1885 93
1886 92
1887 91
1888 90
1889 89
1890 88
1891 87
1892 86
1893 85
1894 84
1895 83
1896 82
1897 81
1898 80
1899 79
1900 78
1901 77
1902 76
1903 75
1904 74
1905 73
1906 72
1907 71
1908 70
1909 69
1910 68
1911 67
1912 49
1913 65
1914 64
1915 63
1916 62
1917 61
1918 60
1919 59
1920 58
1921 57
1922 56
1923 55
1924 54
1925 53
1926 71
1927 51
1928 50
1929 49
1930 48
1931 47
1932 46
1933 45
1934 44
1935 44
1936 42
1937 41
1938 75
1939 97
1940 102
1941 95
1942 94
1943 93
1944 92
1945 91
1946 126
1947 125
1948 124
1949 123
1950 122
1951 121
1952 120
1953 119
1954 118
1955 117
1956 116
1957 56
1958 39
1959 113
1960 112
1961 111
1962 110
1963 109
1964 108
1965 107
1966 106
1967 105
1968 104
1969 103
1970 102
1971 101
1972 100
1973 63
1974 98
1975 97
1976 96
1977 96
1978 94
1979 76
1980 92
1981 91
1982 90
1983 124
1984 123
1985 106
1986 86
1987 85
1988 84
1989 83
1990 82
1991 81
1992 80
1993 79
1994 78
1995 77
1996 76
1997 75
1998 74
1999 73
2000 72
2001 71
2002 70
2003 52
2004 69
2005 86
2006 124
2007 66
2008 64
2009 33
2010 62
2011 61
2012 95
2013 60
2014 58
2015 58
2016 57
2017 55
2018 55
2019 54
2020 53
2021 51
2022 51
2023 49
2024 67
2025 47
2026 47
2027 45
2028 45
2029 43
2030 42
2031 42
2032 98
2033 40
2034 38
2035 37
2036 36
2037 35
2038 34
2039 33
2040 126
2041 125
2042 124
2043 123
2044 122
2045 121
2046 120
2047 119
2048 118
2049 117
2050 116
2051 115
2052 114
2053 77
2054 76
2055 111
2056 74
2057 79
2058 108
2059 107
2060 70
2061 105
2062 104
2063 103
2064 103
2065 101
2066 70
2067 63
2068 117
2069 61
2070 60
2071 95
2072 113
2073 35
2074 56
2075 91
2076 90
2077 89
2078 88
2079 51
2080 121
2081 85
2082 103
2083 118
2084 82
2085 45
2086 80
2087 49
2088 97
2089 77
2090 77
2091 45
2092 74
2093 73
2094 72
2095 72
2096 71
2097 69
2098 126
2099 67
2100 66
2101 65
2102 64
2103 63
2104 62
2105 61
2106 60
2107 59
2108 58
2109 57
2110 56
2111 55
2112 54
2113 53
2114 52
2115 51
2116 50
2117 49
2118 48
2119 47
2120 46
2121 45
2122 44
2123 43
2124 42
2125 41
2126 40
2127 39
2128 38
2129 37
2130 36
2131 35
2132 34
2133 33
2134 126
2135 125
2136 124
2137 123
2138 122
2139 121
2140 120
2141 119
2142 118
2143 117
2144 116
2145 115
2146 114
2147 113
2148 112
2149 111
2150 110
2151 109
2152 108
2153 107
2154 106
2155 105
2156 104
2157 103
2158 102
2159 101
2160 100
2161 99
2162 98
2163 39
2164 38
2165 36
2166 94
2167 93
2168 75
2169 126
2170 126
2171 90
2172 107
2173 106
2174 86
2175 85
2176 84
2177 83
2178 82
2179 81
2180 80
2181 79
2182 113
2183 77
2184 77
2185 45
2186 74
2187 43
2188 72
2189 35
2190 53
2191 104
2192 104
2193 102
2194 85
2195 84
2196 122
2197 99
2198 120
2199 119
2200 95
2201 94
2202 122
2203 57
2204 91
2205 113
2206 89
2207 88
2208 110
2209 51
2210 114
2211 107
2212 112
2213 47
2214 104
2215 46
2216 63
2217 43
2218 42
2219 41
2220 41
2221 103
2222 38
2223 56
2224 72
2225 36
2226 53
2227 33
2228 126
2229 50
2230 124
2231 106
2232 105
2233 46
2234 103
2235 119
2236 118
2237 42
2238 41
2239 79
2240 78
2241 38
2242 112
2243 111
2244 110
2245 109
2246 108
2247 107
2248 106
2249 105
2250 104
2251 103
2252 102
2253 101
2254 100
2255 99
2256 98
2257 97
2258 96
2259 95
2260 35
2261 76
2262 75
2263 91
2264 125
2265 124
2266 88
2267 87
2268 69
2269 85
2270 103
2271 47
2272 101
2273 100
2274 99
2275 80
2276 48
2277 77
2278 76
2279 94
2280 57
2281 74
2282 72
2283 71
2284 70
2285 105
2286 126
2287 50
2288 102
2289 66
2290 65
2291 63
2292 62
2293 61
2294 60
2295 59
2296 58
2297 57
2298 56
2299 55
2300 54
2301 53
2302 52
2303 51
2304 50
2305 49
2306 48
2307 47
2308 46
2309 45
2310 80
2311 78
2312 77
2313 77
2314 75
2315 75
2316 74
2317 95
2318 72
2319 35
2320 111
2321 33
2322 109
2323 126
2324 107
2325 48
2326 47
2327 121
2328 84
2329 83
2330 43
2331 100
2332 99
2333 56
2334 78
2335 38
2336 53
2337 52
2338 74
2339 51
2340 108
2341 107
2342 47
2343 105
2344 74
2345 103
2346 85
2347 71
2348 119
2349 99
2350 98
2351 97
2352 97
2353 96
2354 58
2355 93
2356 92
2357 91
2358 90
2359 89
2360 88
2361 87
2362 86
2363 85
2364 84
2365 83
2366 82
2367 81
2368 80
2369 79
2370 78
2371 77
2372 76
2373 75
2374 74
2375 73
2376 72
2377 71
2378 70
2379 69
2380 68
2381 67
2382 66
2383 65
2384 64
2385 63
2386 62
2387 61
2388 60
2389 59
2390 58
2391 57
2392 56
2393 55
2394 54
2395 53
2396 52
2397 51
2398 50
2399 49
2400 48
2401 47
2402 46
2403 45
2404 44
2405 43
2406 42
2407 41
2408 40
2409 39
2410 38
2411 37
2412 36
2413 35
2414 34
2415 33
2416 126
2417 125
2418 124
2419 48
2420 123
2421 63
2422 120
2423 60
2424 43
2425 117
2426 116
2427 79
2428 56
2429 96
2430 53
2431 111
2432 110
2433 109
2434 109
2435 71
2436 106
2437 46
2438 104
2439 122
2440 43
2441 71
2442 100
2443 40
2444 98
2445 97
2446 79
2447 95
2448 95
2449 93
2450 62
2451 126
2452 91
2453 90
2454 89
2455 87
2456 87
2457 120
2458 103
2459 83
2460 101
2461 116
2462 115
2463 114
2464 113
2465 77
2466 95
2467 76
2468 74
2469 43
2470 55
2471 35
2472 40
2473 39
2474 68
2475 102
2476 85
2477 65
2478 34
2479 33
2480 98
2481 80
2482 118
2483 59
2484 58
2485 93
2486 56
2487 91
2488 112
2489 111
2490 87
2491 87
2492 85
2493 113
2494 125
2495 48
2496 46
2497 45
2498 44
2499 43
2500 42
2501 41
2502 40
2503 39
2504 38
2505 37
2506 36
2507 35
2508 34
2509 33
2510 126
2511 125
2512 124
2513 123
2514 122
2515 85
2516 121
2517 61
2518 60
2519 87
2520 57
2521 57
2522 115
2523 38
2524 54
2525 111
2526 51
2527 79
2528 49
2529 107
2530 106
2531 106
2532 105
2533 104
2534 102
2535 102
2536 41
2537 100
2538 99
2539 98
2540 96
2541 96
2542 95
2543 94
2544 93
2545 55
2546 54
2547 89
2548 88
2549 87
2550 86
2551 85
2552 84
2553 83
2554 82
2555 81
2556 80
2557 79
2558 78
2559 77
2560 76
2561 75
2562 74
2563 73
2564 72
2565 90
2566 40
2567 88
2568 38
2569 125
2570 85
2571 84
2572 34
2573 99
2574 98
2575 119
2576 118
2577 123
2578 93
2579 92
2580 92
2581 90
2582 90
2583 53
2584 53
2585 52
2586 50
2587 68
2588 67
2589 111
2590 110
2591 109
2592 44
2593 62
2594 42
2595 60
2596 40
2597 39
2598 38
2599 95
2600 71
2601 99
2602 111
2603 69
2604 68
2605 50
2606 125
2607 93
2608 105
2609 46
2610 62
2611 119
2612 118
2613 117
2614 116
2615 115
2616 114
2617 113
2618 112
2619 111
2620 110
2621 109
2622 108
2623 107
2624 106
2625 105
2626 104
2627 103
2628 102
2629 101
2630 100
2631 99
2632 98
2633 97
2634 96
2635 95
2636 94
2637 93
2638 92
2639 91
2640 90
2641 89
2642 88
2643 87
2644 86
2645 85
2646 84
2647 83
2648 82
2649 81
2650 80
2651 79
2652 78
2653 77
2654 76
2655 75
2656 74
2657 73
2658 72
2659 71
2660 70
2661 69
2662 68
2663 67
2664 66
2665 65
2666 64
2667 63
2668 62
2669 61
2670 60
2671 59
2672 58
2673 57
2674 56
2675 113
2676 112
2677 72
2678 52
2679 115
2680 50
2681 50
2682 125
2683 48
2684 123
2685 64
2686 80
2687 43
2688 77
2689 77
2690 75
2691 74
2692 102
2693 72
2694 37
2695 71
2696 69
2697 68
2698 96
2699 108
2700 49
2701 64
2702 63
2703 62
2704 61
2705 60
2706 43
2707 100
2708 99
2709 115
2710 115
2711 113
2712 112
2713 94
2714 93
2715 109
2716 91
2717 107
2718 106
2719 105
2720 105
2721 103
2722 103
2723 120
2724 119
2725 41
2726 117
2727 67
2728 38
2729 59
2730 113
2731 63
2732 75
2733 126
2734 73
2735 53
2736 71
2737 122
2738 69
