1 1458 6 1568 1949 68
1568 34
1569 33
1570 126
1571 125
1572 124
1573 123
1574 122
1575 121
1576 120
1577 119
1578 118
1579 117
1580 116
1581 115
1582 114
1583 113
1584 112
1585 111
1586 110
1587 109
1588 108
1589 107
1590 106
1591 105
1592 104
1593 103
1594 102
1595 101
1596 100
1597 99
1598 98
1599 97
1600 96
1601 95
1602 94
1603 93
1604 92
1605 91
1606 90
1607 89
1608 88
1609 87
1610 86
1611 85
1612 84
1613 83
1614 82
1615 81
1616 80
1617 79
1618 78
1619 77
1620 76
1621 75
1622 74
1623 73
1624 72
1625 71
1626 70
1627 69
1628 68
1629 67
1630 66
1631 65
1632 64
1633 63
1634 62
1635 61
1636 60
1637 59
1638 58
1639 57
1640 56
1641 55
1642 54
1643 53
1644 52
1645 51
1646 50
1647 49
1648 48
1649 47
1650 46
1651 45
1652 44
1653 43
1654 42
1655 41
1656 40
1657 39
1658 38
1659 37
1660 36
1661 35
1662 34
1663 33
1664 126
1665 125
1666 124
1667 123
1668 122
1669 121
1670 120
1671 119
1672 118
1673 117
1674 116
1675 115
1676 114
1677 113
1678 112
1679 111
1680 110
1681 109
1682 108
1683 107
1684 106
1685 105
1686 104
1687 103
1688 102
1689 101
1690 100
1691 99
1692 98
1693 97
1694 96
1695 95
1696 94
1697 93
1698 92
1699 91
1700 90
1701 89
1702 88
1703 87
1704 86
1705 85
1706 84
1707 83
1708 82
1709 81
1710 80
1711 79
1712 78
1713 77
1714 76
1715 75
1716 74
1717 73
1718 72
1719 71
1720 89
1721 104
1722 38
1723 86
1724 124
1725 84
1726 34
1727 33
1728 120
1729 80
1730 79
1731 94
1732 59
1733 92
1734 56
1735 113
1736 73
1737 53
1738 71
1739 109
1740 114
1741 68
1742 48
1743 48
1744 123
1745 103
1746 44
1747 44
1748 100
1749 60
1750 40
1751 39
1752 38
1753 37
1754 36
1755 35
1756 34
1757 33
1758 126
1759 125
1760 124
1761 123
1762 122
1763 121
1764 120
1765 60
1766 59
1767 117
1768 86
1769 115
1770 115
1771 114
1772 95
1773 112
1774 110
1775 109
1776 49
1777 77
1778 48
1779 105
1780 105
1781 104
1782 85
1783 43
1784 42
1785 40
1786 98
1787 39
1788 96
1789 95
1790 94
1791 93
1792 56
1793 110
1794 125
1795 53
1796 123
1797 70
1798 69
1799 49
1800 103
1801 53
1802 118
1803 117
1804 63
1805 79
1806 78
1807 96
1808 76
1809 94
1810 74
1811 73
1812 72
1813 41
1814 34
1815 88
1816 68
1817 37
1818 66
1819 65
1820 100
1821 99
1822 81
1823 62
1824 118
1825 94
1826 59
1827 115
1828 75
1829 55
1830 112
1831 111
1832 87
1833 86
1834 108
1835 113
1836 83
1837 48
1838 46
1839 81
1840 44
1841 101
1842 42
1843 41
1844 40
1845 39
1846 38
1847 114
1848 94
1849 35
1850 34
1851 68
1852 51
1853 125
1854 124
1855 64
1856 122
1857 46
1858 121
1859 119
1860 118
1861 117
1862 86
1863 40
1864 115
1865 114
1866 112
1867 111
1868 110
1869 109
1870 108
1871 107
1872 106
1873 105
1874 104
1875 103
1876 102
1877 101
1878 100
1879 63
1880 99
1881 98
1882 96
1883 96
1884 94
1885 94
1886 92
1887 92
1888 125
1889 125
1890 88
1891 106
1892 121
1893 120
1894 84
1895 102
1896 83
1897 51
1898 50
1899 79
1900 97
1901 96
1902 95
1903 110
1904 109
1905 43
1906 107
1907 106
1908 40
1909 33
1910 126
1911 50
1912 102
1913 48
1914 64
1915 98
1916 97
1917 96
1918 118
1919 59
1920 94
1921 92
1922 56
1923 55
1924 54
1925 53
1926 52
1927 86
1928 86
1929 107
1930 112
1931 111
1932 123
1933 81
1934 108
1935 107
1936 119
1937 105
1938 98
1939 39
1940 38
1941 37
1942 100
1943 93
1944 92
1945 91
1946 126
1947 95
1948 94
1949 106
