40 121 0
67 85 0
60 51 0
65 59 0
64 81 0
63 43 0
62 76 0
33 53 0
126 64 0
59 92 0
123 71 0
123 71 0
121 35 0
121 35 0
119 78 0
119 78 0
117 111 0
117 111 0
115 82 0
115 82 0
113 108 0
113 108 0
111 120 0
111 120 0
109 88 0
92 115 0
42 114 0
41 102 0
34 122 0
33 53 0
38 113 0
103 117 0
124 34 0
35 93 0
34 122 0
99 86 0
98 84 0
125 105 0
60 60 0
123 123 1
122 122 1
40 40 0
39 59049 0
56 56 0
55 59049 0
117 117 1
52 52 0
51 51 0
114 114 1
113 113 1
112 112 1
111 111 1
65 65 0
109 59049 0
63 63 0
107 107 1
106 106 1
41 41 0
104 104 1
103 103 1
102 102 1
101 59049 0
71 71 0
99 99 1
69 69 0
97 97 1
51 59049 0
95 855 0
66 66 0
65 65 0
123 59049 0
121 59049 0
121 59049 0
60 60 0
43 43 0
87 87 1
41 41 0
85 85 1
84 84 1
83 83 1
82 82 1
81 81 1
80 80 1
79 79 1
78 78 1
77 77 1
76 76 1
75 75 1
74 74 1
73 73 1
72 72 1
71 71 1
70 70 1
69 69 1
68 68 1
67 67 1
66 66 1
65 65 1
64 64 1
63 63 1
62 62 1
61 61 1
60 60 1
59 59 1
58 58 1
57 57 1
56 56 1
55 55 1
54 54 1
53 53 1
52 52 1
51 51 1
50 50 1
49 49 1
48 48 1
47 47 1
46 46 1
45 45 1
44 44 1
43 43 1
42 42 1
41 41 1
40 40 1
39 39 1
38 38 1
37 37 1
36 36 1
35 35 1
