78
27 8 71 72 90 106 107 35 41 54
28 8 70 71 89 105 106 34 40 53
29 8 69 70 88 104 105 33 39 52
30 8 68 69 87 103 104 126 38 51
31 8 67 68 86 102 103 125 37 50
32 8 66 67 85 101 102 124 36 49
33 8 65 66 84 100 101 123 35 48
34 8 64 65 83 99 100 122 34 47
35 8 63 64 82 98 99 121 33 46
36 8 62 63 81 97 98 120 126 45
37 8 61 62 80 96 97 119 125 44
38 8 60 61 79 95 96 118 124 43
39 8 59 60 78 94 95 117 123 42
42 8 56 57 75 91 92 114 120 39
43 8 55 56 74 90 91 113 119 38
45 8 53 54 72 88 89 111 117 36
49 8 49 50 68 84 85 107 113 126
50 8 48 49 67 83 84 106 112 125
51 8 47 48 66 82 83 105 111 124
52 8 46 47 65 81 82 104 110 123
55 8 43 44 62 78 79 101 107 120
56 8 42 43 61 77 78 100 106 119
57 8 41 42 60 76 77 99 105 118
58 8 40 41 59 75 76 98 104 117
63 8 35 36 54 70 71 93 99 112
65 8 33 34 52 68 69 91 97 110
66 8 126 33 51 67 68 90 96 109
69 8 123 124 48 64 65 87 93 106
75 8 117 118 42 58 59 81 87 100
76 8 116 117 41 57 58 80 86 99
77 8 115 116 40 56 57 79 85 98
81 8 111 112 36 52 53 75 81 94
82 8 110 111 35 51 52 74 80 93
83 8 109 110 34 50 51 73 79 92
84 8 108 109 33 49 50 72 78 91
85 8 107 108 126 48 49 71 77 90
86 8 106 107 125 47 48 70 76 89
87 8 105 106 124 46 47 69 75 88
88 8 104 105 123 45 46 68 74 87
89 8 103 104 122 44 45 67 73 86
90 8 102 103 121 43 44 66 72 85
91 8 101 102 120 42 43 65 71 84
92 8 100 101 119 41 42 64 70 83
93 8 99 100 118 40 41 63 69 82
94 8 98 99 117 39 40 62 68 81
95 8 97 98 116 38 39 61 67 80
96 8 96 97 115 37 38 60 66 79
97 8 95 96 114 36 37 59 65 78
98 8 94 95 113 35 36 58 64 77
99 8 93 94 112 34 35 57 63 76
100 8 92 93 111 33 34 56 62 75
101 8 91 92 110 126 33 55 61 74
102 8 90 91 109 125 126 54 60 73
103 8 89 90 108 124 125 53 59 72
104 8 88 89 107 123 124 52 58 71
105 8 87 88 106 122 123 51 57 70
106 8 86 87 105 121 122 50 56 69
107 8 85 86 104 120 121 49 55 68
108 8 84 85 103 119 120 48 54 67
109 8 83 84 102 118 119 47 53 66
110 8 82 83 101 117 118 46 52 65
111 8 81 82 100 116 117 45 51 64
112 8 80 81 99 115 116 44 50 63
113 8 79 80 98 114 115 43 49 62
114 8 78 79 97 113 114 42 48 61
115 8 77 78 96 112 113 41 47 60
116 8 76 77 95 111 112 40 46 59
117 8 75 76 94 110 111 39 45 58
118 8 74 75 93 109 110 38 44 57
119 8 73 74 92 108 109 37 43 56
120 8 72 73 91 107 108 36 42 55
121 8 71 72 90 106 107 35 41 54
122 8 70 71 89 105 106 34 40 53
123 8 69 70 88 104 105 33 39 52
124 8 68 69 87 103 104 126 38 51
125 8 67 68 86 102 103 125 37 50
126 8 66 67 85 101 102 124 36 49
127 8 65 66 84 100 101 123 35 48
