phaseA 66
[20, 22, 24, 28, 30, 32, 34, 36, 37, 39, 42, 45, 48, 50, 57, 59, 60, 62, 82, 83, 84, 86, 87, 90, 92, 94, 112, 113, 115, 117, 120, 123, 138, 140, 143, 160, 161, 163, 165, 168, 170, 172, 173, 175, 178, 181, 183, 184, 188, 190, 196, 198, 208, 210, 212, 215, 216, 217, 218, 220, 223, 232, 233, 235, 240, 242]
pairs 116
20: [50, 52]
22: [18, 163]
24: [3]
28: [122]
30: [20, 56, 177]
32: [39]
34: [3, 60]
36: [18]
42: [178, 184]
48: [56]
57: [3, 60]
59: [5, 26, 62]
60: [11, 191]
62: [15, 92]
82: [6, 82, 87, 208, 213, 218]
83: [192]
84: [82]
86: [90]
87: [92]
90: [15]
92: [7, 58]
94: [3]
112: [39]
113: [22, 27]
115: [165]
120: [92]
123: [59, 175]
140: [4, 85]
143: [15, 92]
160: [165]
161: [92]
163: [22, 26, 90]
165: [4, 85]
168: [7, 84, 173]
170: [86]
172: [41]
173: [178]
175: [5, 6, 82, 87]
178: [3]
181: [122]
184: [45, 122]
188: [82, 171]
190: [216]
196: [86, 175, 189]
198: [26, 62, 84]
208: [2, 4, 83, 85]
210: [0, 1, 22, 81]
212: [3, 24]
215: [26, 62]
216: [0, 1, 22, 81]
217: [12, 13, 93]
218: [9, 86, 223]
220: [10, 91]
223: [26, 62]
232: [26, 84, 210]
233: [3]
235: [240]
240: [86, 175, 189]
242: [3, 60]
