phaseA 61
[30, 34, 35, 39, 41, 45, 48, 50, 52, 54, 56, 58, 60, 63, 81, 83, 85, 86, 87, 89, 91, 92, 95, 112, 114, 116, 119, 121, 138, 140, 142, 160, 161, 163, 167, 169, 171, 173, 175, 178, 179, 183, 185, 188, 194, 195, 196, 197, 208, 209, 211, 216, 217, 218, 221, 223, 231, 233, 234, 238, 241]
tuples 466
0: [58] | [] | []
1: [140] | [3] | []
2: [6, 49, 87] | [12, 26, 93, 194, 208] | [171]
3: [] | [90, 92] | []
4: [36, 117] | [] | [88, 94, 199]
6: [3] | [] | [0, 81]
7: [12, 26, 93, 194, 208] | [171] | [2, 83]
30: [112] | [112] | [39]
31: [2, 7, 22, 58, 83] | [82] | [183]
33: [39] | [9, 189] | [48]
34: [38, 39, 119] | [90, 92] | []
35: [112] | [39] | [179]
36: [82] | [183] | [9, 48, 86]
37: [] | [] | [52, 120]
38: [9, 189] | [48] | [49, 61]
39: [90, 92] | [] | []
40: [39] | [179] | [84]
41: [183] | [9, 48, 86] | [35]
42: [] | [52, 120] | [4, 85]
43: [48] | [49, 61] | [51]
45: [179] | [84] | []
46: [9, 48, 86] | [35] | [3]
47: [52, 120] | [4, 85] | [186]
48: [49, 61] | [51] | [34, 115]
49: [] | [] | [90]
50: [84] | [] | [92]
51: [35] | [3] | []
52: [4, 85] | [186] | [12, 93]
53: [51] | [34, 115] | [52, 57, 59]
54: [] | [90] | []
55: [] | [92] | [32, 52, 113]
56: [3] | [] | [3]
57: [186] | [27] | [86, 175, 189]
58: [34, 115] | [32, 113] | [7, 58]
59: [90] | [178, 179] | [3, 60]
60: [92] | [32, 52, 113] | [3]
61: [] | [3] | [58]
62: [54] | [86, 175, 189] | [86, 175, 189]
63: [35] | [7, 58] | [94]
64: [] | [3, 60] | [9, 62, 189]
65: [32, 52, 113] | [3] | [90, 92]
66: [3] | [58] | [88, 92]
67: [86, 175, 189] | [86, 175, 189] | [173, 175]
68: [7, 58] | [94] | [5]
69: [3, 60] | [9, 62, 189] | [86, 175, 189]
70: [3] | [90, 92] | [86]
71: [58] | [88, 92] | [62, 175, 189]
72: [86, 175, 189] | [173, 175] | [3]
73: [94] | [5] | [86, 172]
74: [9, 62, 189] | [86, 175, 189] | [8, 89, 90]
75: [90, 92] | [86] | []
76: [88, 92] | [62, 175, 189] | [10, 91, 190]
77: [173, 175] | [3] | [4, 5, 85]
78: [5] | [86, 172] | [53]
79: [86, 175, 189] | [8, 89, 90] | []
80: [86] | [] | [8, 14, 89, 95]
81: [62, 175, 189] | [10, 91, 190] | []
82: [3] | [4, 5, 85] | [0, 1, 58, 81]
83: [86, 172] | [53] | [45, 122]
84: [8, 89, 90] | [] | [33]
85: [] | [8, 14, 89, 95] | []
86: [10, 91, 190] | [] | [10, 91, 190]
87: [4, 5, 85] | [0, 1, 58, 81] | [15]
88: [53] | [45, 122] | [90]
89: [] | [33] | [92]
90: [8, 14, 89, 95] | [] | [15, 92]
91: [] | [10, 91, 190] | [90]
92: [0, 1, 58, 81] | [15] | [59, 175]
93: [45, 122] | [90] | [33]
94: [33] | [92] | [140]
95: [] | [15, 92] | [112]
96: [10, 91, 190] | [90] | [7, 22, 58]
97: [15] | [59, 175] | [7, 58]
98: [90] | [33] | [42, 43, 123]
99: [92] | [140] | [38, 119]
100: [15, 92] | [112] | [38, 119]
101: [90] | [7, 22, 58] | [3, 60]
102: [59, 175] | [7, 58] | [3, 60]
103: [33] | [42, 43, 123] | [33, 45]
104: [140] | [38, 119] | [38, 42, 43, 119, 123]
105: [112] | [38, 119] | [34, 115]
106: [7, 22, 58] | [3, 60] | [15]
107: [7, 58] | [3, 60] | [59, 170, 172]
108: [42, 43, 123] | [33, 45] | [2, 4, 83, 85]
109: [38, 119] | [38, 42, 43, 119, 123] | [26, 62, 84]
110: [38, 119] | [34, 115] | [11, 191]
111: [3, 60] | [15] | []
112: [3, 60] | [59, 170, 172] | [15, 92]
113: [33, 45] | [2, 4, 83, 85] | [62, 84]
114: [38, 42, 43, 119, 123] | [26, 62, 84] | [3]
115: [34, 115] | [11, 191] | [86, 175, 189]
116: [15] | [] | [7, 58]
117: [59, 170, 172] | [15, 92] | [3, 60]
118: [2, 4, 83, 85] | [62, 84] | [3]
119: [26, 62, 84] | [3] | [94]
120: [11, 191] | [86, 175, 189] | [55, 170, 171]
121: [] | [7, 58] | [3]
122: [15, 92] | [3, 60] | [15]
123: [62, 84] | [3] | [22, 138, 140]
124: [3] | [94] | [82]
125: [86, 175, 189] | [55, 170, 171] | [82, 208, 218]
126: [7, 58] | [3] | [90, 92]
127: [3, 60] | [15] | [22, 138]
128: [3] | [22, 138, 140] | [9, 86, 189]
129: [94] | [82] | [4, 85]
130: [55, 170, 171] | [82, 208, 218] | [62, 84]
131: [3] | [90, 92] | [3]
132: [15] | [22, 138] | [86, 175, 189]
133: [22, 138, 140] | [9, 86, 189] | [7, 58]
134: [82] | [4, 85] | [3, 60]
135: [82, 208, 218] | [62, 84] | [3]
136: [90, 92] | [3] | [58]
137: [22, 138] | [86, 175, 189] | [86, 175, 189]
138: [9, 86, 189] | [7, 58] | [4, 85]
139: [4, 85] | [3, 60] | [26, 62, 84]
140: [62, 84] | [3] | [26, 62]
141: [3] | [58] | [86, 175, 189]
142: [86, 175, 189] | [86, 175, 189] | [10, 91, 190]
143: [7, 58] | [4, 85] | [39]
144: [3, 60] | [26, 62, 84] | []
145: [3] | [26, 62] | [58]
146: [58] | [86, 175, 189] | [182]
147: [86, 175, 189] | [10, 91, 190] | [15, 26]
148: [4, 85] | [39] | []
149: [26, 62, 84] | [] | [62, 84]
150: [26, 62] | [58] | [122]
151: [86, 175, 189] | [182] | [165]
152: [10, 91, 190] | [15, 26] | [167]
153: [39] | [] | [5, 6, 82, 87, 219]
154: [] | [62, 84] | [24, 86, 212]
155: [58] | [122] | [86]
156: [182] | [165] | [86, 172]
157: [15, 26] | [167] | [2, 4, 83, 85]
158: [] | [5, 6, 82, 87, 219] | [26, 62, 84]
159: [62, 84] | [24, 86, 212] | [33]
160: [122] | [86] | [86, 175]
161: [165] | [86, 172] | [20, 62, 177, 189]
162: [167] | [2, 4, 83, 85] | [176]
163: [5, 6, 82, 87, 219] | [26, 62, 84] | [3]
164: [24, 86, 212] | [33] | [5, 6, 82, 87, 171]
165: [86] | [86, 175] | [34, 35, 115]
166: [86, 172] | [20, 62, 177, 189] | [183, 190, 191]
167: [2, 4, 83, 85] | [176] | [27, 29, 168, 170]
168: [26, 62, 84] | [3] | [3]
169: [33] | [5, 6, 82, 87, 171] | []
170: [86, 175] | [34, 35, 115] | [182, 186, 187]
171: [20, 62, 177, 189] | [183, 190, 191] | [0, 1, 22, 81]
172: [176] | [27, 29, 168, 170] | [40, 121]
173: [3] | [3] | []
174: [5, 6, 82, 87, 171] | [] | [31, 172]
175: [34, 35, 115] | [182, 186, 187] | [8, 89]
176: [183, 190, 191] | [0, 1, 22, 81] | []
177: [27, 29, 168, 170] | [40, 121] | [15, 92, 197]
178: [3] | [] | [62, 84, 231]
179: [] | [31, 172] | [62]
180: [182, 186, 187] | [8, 89] | [14, 95]
181: [0, 1, 22, 81] | [] | [22, 196, 213]
182: [40, 121] | [15, 92, 197] | [10, 15, 91, 192, 197]
183: [] | [62, 84, 231] | []
184: [31, 172] | [62] | [58, 63]
185: [8, 89] | [14, 95] | [90]
186: [] | [22, 196, 213] | [59, 175]
187: [15, 92, 197] | [10, 15, 91, 192, 197] | [15, 92]
188: [62, 84, 231] | [] | [62, 84]
189: [62] | [58, 63] | [3]
190: [14, 95] | [90] | [172]
191: [22, 196, 213] | [59, 175] | [7, 22]
192: [10, 15, 91, 192, 197] | [15, 92] | [25, 82, 208, 218]
193: [] | [62, 84] | [82, 218]
194: [58, 63] | [3] | [22]
195: [90] | [172] | [198]
196: [59, 175] | [7, 22] | [26, 211]
197: [15, 92] | [25, 82, 208, 218] | [193]
198: [62, 84] | [82, 218] | [209]
199: [3] | [22] | [9, 86]
200: [172] | [198] | [86, 212]
201: [7, 22] | [26, 211] | [26, 84, 210]
202: [25, 82, 208, 218] | [193] | [3, 24, 217]
203: [82, 218] | [209] | [4, 85]
204: [22] | [9, 86] | [22, 216]
205: [198] | [86, 212] | [3, 24, 218]
206: [26, 211] | [26, 84, 210] | [7, 84, 210, 221]
207: [193] | [3, 24, 217] | [86]
208: [209] | [4, 85] | [86]
209: [9, 86] | [22, 216] | [3]
210: [86, 212] | [3, 24, 218] | [2, 6, 7, 83, 87]
211: [26, 84, 210] | [7, 84, 210, 221] | [3, 60]
212: [3, 24, 217] | [86] | [3]
213: [4, 85] | [86] | [58]
214: [22, 216] | [3] | [86, 212, 233, 234]
215: [3, 24, 218] | [2, 6, 7, 83, 87] | [3, 24, 60, 228]
216: [7, 84, 210, 221] | [3, 60] | [5, 26, 62, 230, 231]
217: [86] | [3] | [3, 24, 60, 228]
218: [86] | [58] | [3, 24, 60, 228]
219: [3] | [86, 212, 233, 234] | [26, 62, 234]
220: [2, 6, 7, 83, 87] | [3, 24, 60, 228] | [3, 24, 60, 228]
221: [3, 60] | [5, 26, 62, 230, 231] | [2, 4, 83, 85]
222: [3] | [3, 24, 60, 228] | [3, 24, 60, 228]
223: [58] | [3, 24, 60, 228] | [2, 22, 58, 83, 209]
224: [86, 212, 233, 234] | [26, 62, 234] | [3, 60, 228]
225: [3, 24, 60, 228] | [3, 24, 60, 228] | [90, 195]
226: [5, 26, 62, 230, 231] | [2, 4, 83, 85] | [198, 212, 227, 241]
227: [3, 24, 60, 228] | [3, 24, 60, 228] | [14, 95]
228: [3, 24, 60, 228] | [2, 22, 58, 83, 209] | [3]
229: [26, 62, 234] | [3, 60, 228] | [3]
230: [3, 24, 60, 228] | [90, 195] | [58]
231: [2, 4, 83, 85] | [198, 212, 227, 241] | [86, 175, 189]
232: [3, 24, 60, 228] | [14, 95] | [4, 85]
233: [2, 22, 58, 83, 209] | [3] | [26, 62, 84]
234: [3, 60, 228] | [3] | [26, 62]
235: [90, 195] | [58] | [10, 91, 190]
236: [198, 212, 227, 241] | [86, 175, 189] | []
237: [14, 95] | [4, 85] | [92]
238: [3] | [26, 62, 84] | [22, 138]
239: [3] | [26, 62] | [92]
240: [58] | [10, 91, 190] | []
241: [86, 175, 189] | [] | [10, 91, 190]
242: [4, 85] | [92] | []
243: [26, 62, 84] | [22, 138] | [92]
244: [26, 62] | [92] | [22, 138]
245: [10, 91, 190] | [] | [92]
246: [] | [10, 91, 190] | []
247: [92] | [] | [10, 91, 190]
248: [22, 138] | [92] | []
249: [92] | [22, 138] | [92]
250: [] | [92] | [22, 138]
251: [10, 91, 190] | [] | [92]
252: [] | [10, 91, 190] | []
253: [92] | [] | [10, 91, 190]
254: [22, 138] | [92] | []
255: [92] | [22, 138] | [92]
